21.610184 0.000000
-9.180168 8.409786
0.841288 -9.586043
4.937628 6.440262
-7.032261 -1.243908
5.438489 -3.459522
-1.535840 5.713247
-2.532893 -4.876931
4.838135 1.766879
-4.493458 1.854834
1.955475 -4.178736
1.316435 4.197002
-3.642118 -2.110682
3.947188 -0.867778
-2.237684 3.182876
-0.482502 -3.723435
2.776194 2.339779
-3.514301 0.145327
2.419243 -2.407470
-0.153200 3.313085
-2.067678 -2.477769
3.115762 0.419221
-2.516704 1.751057
0.656886 -2.919923
1.453863 2.537184
-2.724180 -0.869088
2.540224 -1.173648
-1.057912 2.527828
-0.908826 -2.526769
2.330622 1.224910
-2.497729 0.658393
1.371274 -2.132646
0.421743 2.454003
-1.934213 -1.497963
2.396495 -0.198545
-1.605782 1.735803
0.011348 -2.326119
1.538015 1.695438
-2.243809 -0.207956
1.767581 -1.341531
-0.391225 2.150517
-1.147089 -1.822839
2.047217 0.561057
-1.861829 0.955460
0.717341 -1.934903
0.767433 1.885180
-1.814585 -0.859966
1.893540 -0.583799
-0.988843 1.687285
-0.405337 -1.887584
1.554038 1.103916
-1.868018 0.232807
1.205167 -1.415880
0.066939 1.835579
-1.273848 -1.292629
1.791041 0.091577
-1.366385 1.128975
0.242094 -1.735211
0.982282 1.426577
-1.668923 -0.384015
1.473405 -0.834773
-0.516801 1.593046
-0.687430 -1.507130
1.508469 0.639970
-1.528070 0.541211
0.753104 -1.416105
0.397038 1.536606
-1.316883 -0.855854
1.533175 -0.255797
-0.947936 1.211744
-0.118331 -1.518271
1.101637 1.029137
-1.492439 -0.014562
1.099316 -0.987511
-0.142136 1.456275
-0.870312 -1.158402
1.410420 0.263700
-1.206394 0.750978
0.378621 -1.355558
0.630430 1.243364
-1.292408 -0.486328
1.269449 -0.509572
-0.586312 1.221721
-0.389281 -1.284856
1.144277 0.678131
-1.289854 0.270406
0.761410 -1.060876
0.153758 1.284774
-0.972334 -0.835844
1.270006 -0.040111
-0.901196 0.879478
0.069804 -1.245995
0.783141 0.957298
-1.213236 -0.175307
1.004054 -0.684154
-0.275765 1.172269
-0.583342 -1.041433
1.123679 0.370601
-1.069474 0.481519
0.459297 -1.068085
0.379482 1.088279
-1.006138 -0.541391
1.098016 -0.278005
-0.616484 0.938518
-0.177838 -1.098912
0.865925 0.684240
-1.091252 0.079696
0.744385 -0.789073
-0.015739 1.075376
-0.708689 -0.796710
1.051675 0.107828
-0.841070 0.625504
0.195972 -1.020586
0.540249 0.877385
-0.982588 -0.279621
0.905636 -0.453650
-0.358276 0.938201
-0.366419 -0.925865
0.887976 0.431488
-0.938176 0.279256
0.498862 -0.832493
0.192838 0.942730
-0.772356 -0.560063
0.939740 -0.107818
-0.614809 0.708186
-0.024818 -0.929476
0.640620 0.662879
-0.912253 -0.055573
0.704108 -0.570301
-0.132802 0.888433
-0.497877 -0.738392
0.858419 0.206359
-0.765683 0.423991
0.275776 -0.822652
0.349281 0.785989
-0.781605 -0.340633
0.799377 -0.274375
-0.400556 0.735781
-0.199882 -0.805964
0.685705 0.455223
-0.805919 0.126391
0.504363 -0.631924
0.054467 0.799461
-0.574997 -0.547759
0.786855 0.015356
-0.585245 0.515495
0.082574 -0.768408
0.453992 0.616710
-0.744467 -0.146721
0.642096 -0.391063
-0.207368 0.715413
-0.327279 -0.661395
0.681662 0.264127
-0.674652 0.263200
0.316657 -0.643655
0.199375 0.681962
-0.601857 -0.364658
0.683467 -0.136335
-0.407881 0.556753
-0.074588 -0.679354
0.508842 0.446121
-0.669853 0.014616
0.479224 -0.458633
-0.043125 0.655235
-0.406640 -0.507086
0.635808 0.098213
-0.529648 0.353381
0.150261 -0.611912
0.299367 0.546904
-0.583919 -0.198920
0.558890 -0.245104
-0.243879 0.552227
-0.191087 -0.565692
0.517254 0.284871
-0.567439 0.137792
0.321669 -0.479440
0.085681 0.564303
-0.439236 -0.354093
0.556495 -0.035187
-0.382006 0.397105
0.013278 -0.544263
0.353516 0.405318
-0.527893 -0.059335
0.423983 -0.308938
-0.102634 0.507700
-0.263840 -0.438000
0.484027 0.142862
-0.447412 0.218683
0.179741 -0.457244
0.173919 0.452306
-0.427742 -0.213033
0.452809 -0.129987
-0.242537 0.395929
-0.087306 -0.449088
0.362228 0.268096
-0.441349 0.046279
0.289591 -0.327073
0.007281 0.429834
-0.290903 -0.306948
0.414815 0.029334
-0.320131 0.254162
0.063245 -0.396599
0.217294 0.329148
-0.375515 -0.094156
0.334047 -0.180740
-0.121806 0.351922
-0.144934 -0.334912
0.326198 0.145964
-0.331867 0.110301
0.166432 -0.298740
0.077260 0.325069
-0.269961 -0.183040
0.314707 -0.046214
-0.195652 0.240289
-0.017558 -0.301000
0.210162 0.204154
-0.284187 -0.008320
0.208452 -0.180027
-0.031040 0.264527
-0.150345 -0.208460
0.242288 0.050211
-0.204086 0.121583
0.065420 -0.217728
0.094229 0.195194
-0.191079 -0.076191
0.181552 -0.068795
-0.081917 0.162487
-0.045846 -0.162695
0.131899 0.081686
-0.137583 0.026051
0.073790 -0.098688
0.010333 0.103404
-0.059877 -0.053538
0.046271 -0.000558
